 78.8   76.4    0
 73.8   74.3    0
 64.6   69.6    0
 76.2   73.6    0
 87.2   76.8    0
 70.6   72.7    1
 86.0   79.2    0
 83.1   75.6    0
 94.5   78.1    0
 71.2   76.9    1
 64.3   68.5    0
 73.1   73.2    0
 96.8   77.5    0
 82.4   76.2    0
 81.6   75.1    0
 76.8   77.0    1
 77.2   73.0    0
 73.7   73.0    1
 88.6   77.2    0
 74.7   73.4    0
 91.2   78.8    0
 86.6   77.3    0
 82.7   76.5    0
 87.8   76.8    0
 85.0   79.4    1
 69.1   71.5    0
 69.6   70.0    1
 71.2   71.9    0
 62.9   74.7    1
 84.1   76.1    0
 67.0   72.6    1
 83.2   77.6    1
 63.9   70.7    1
 85.3   76.3    0
 92.4   77.2    0
 90.3   77.9    0
 74.7   72.9    0
 73.3   73.6    1
 83.1   75.0    0
 69.1   72.5    0
 75.0   74.1    1
 67.4   70.3    1
 68.4   70.6    0
 79.3   76.9    1
 86.4   75.8    0
 75.8   71.9    0
 88.8   78.8    0
 72.7   73.5    1
 88.9   78.4    0
 82.7   75.8    0
 86.6   74.6    0
 82.8   76.5    0
 87.9   77.3    0
 75.5   74.4    0
 81.0   71.3    0
 88.2   74.5    0
 63.9   69.5    0
 78.2   75.9    0
 63.3   68.2    0
 90.2   78.5    0
 74.3   73.2    0
 97.6   79.4    0
 84.4   74.7    0
 70.5   71.5    1
